BAYES
58
3 2 2 2 3 2 3 2 3 3 50 2 3 2 2 3 2 3 2 2 3 2 3 2 50 2 3 2 3 2 2 2 3 2 50 3 50 3 3 50 3 3 3 2 2 50 2 50 2 3 2 2 2 3 50 2 3 2 
58
1	0
1	1
2	1	2
2	2	3
2	2	4
4	4	3	0	5
4	4	5	1	6
4	3	0	6	7
3	7	0	8
4	5	0	6	9
4	1	3	9	10
4	2	10	9	11
4	1	11	7	12
4	2	8	12	13
4	4	13	6	14
4	10	9	14	15
4	4	2	13	16
3	3	7	17
4	13	9	17	18
4	11	18	12	19
4	10	9	19	20
4	2	7	20	21
4	10	21	18	22
4	1	17	22	23
4	11	23	19	24
4	8	3	24	25
4	10	1	24	26
3	15	18	27
4	12	27	22	28
3	23	27	29
4	5	21	29	30
4	1	30	22	31
4	4	30	11	32
4	13	32	16	33
4	13	32	30	34
4	2	34	6	35
4	35	0	17	36
4	36	12	24	37
4	8	37	6	38
4	1	37	11	39
4	9	37	39	40
4	40	38	16	41
4	1	41	19	42
4	2	40	20	43
4	15	36	39	44
4	15	4	44	45
4	15	45	25	46
4	46	13	14	47
4	15	46	6	48
4	48	7	11	49
3	45	17	50
4	21	17	50	51
4	43	10	50	52
4	15	52	26	53
4	12	51	50	54
4	54	33	41	55
4	35	17	50	56
4	54	49	56	57

3
 0.425664 0.156779 0.417557

2
 0.094480 0.905520

4
 0.399448 0.600552
 0.225618 0.774382

4
 0.670603 0.329397
 0.143411 0.856589

6
 0.276254 0.473136 0.250609
 0.273960 0.148744 0.577295

36
 0.133807 0.866193
 0.799562 0.200438
 0.420123 0.579877
 0.047974 0.952026
 0.875346 0.124654
 0.442976 0.557024
 0.495026 0.504974
 0.441023 0.558977
 0.259803 0.740197
 0.171534 0.828466
 0.258038 0.741962
 0.170188 0.829812
 0.187752 0.812248
 0.873020 0.126980
 0.455820 0.544180
 0.305227 0.694773
 0.347886 0.652114
 0.343581 0.656419

36
 0.424933 0.155804 0.419263
 0.498403 0.154686 0.346911
 0.352713 0.628193 0.019094
 0.394453 0.369512 0.236034
 0.355158 0.325844 0.318997
 0.786899 0.132913 0.080189
 0.428057 0.004136 0.567807
 0.262902 0.330999 0.406100
 0.196418 0.022093 0.781488
 0.294053 0.223134 0.482813
 0.416583 0.219214 0.364203
 0.881744 0.055095 0.063161

36
 0.734815 0.265185
 0.893732 0.106268
 0.396434 0.603566
 0.605449 0.394551
 0.572929 0.427071
 0.603067 0.396933
 0.502754 0.497246
 0.063483 0.936517
 0.062513 0.937487
 0.415326 0.584674
 0.388805 0.611195
 0.181266 0.818734
 0.515912 0.484088
 0.996187 0.003813
 0.461697 0.538303
 0.838130 0.161870
 0.072895 0.927105
 0.307929 0.692071

18
 0.687055 0.245248 0.067697
 0.439220 0.250284 0.310495
 0.259008 0.299787 0.441205
 0.280096 0.298201 0.421703
 0.314533 0.561575 0.123891
 0.389807 0.399044 0.211149

54
 0.657431 0.208599 0.133970
 0.842565 0.134919 0.022516
 0.002119 0.672023 0.325858
 0.346239 0.398267 0.255495
 0.729359 0.099841 0.170800
 0.612011 0.286040 0.101950
 0.469367 0.201997 0.328637
 0.099728 0.382297 0.517975
 0.000430 0.538257 0.461313
 0.515858 0.470424 0.013718
 0.257287 0.351154 0.391559
 0.251982 0.229292 0.518726
 0.118663 0.478530 0.402807
 0.001526 0.298209 0.700264
 0.106740 0.292481 0.600779
 0.290800 0.434135 0.275065
 0.346459 0.251989 0.401552
 0.034613 0.238047 0.727340

600
 0.037100 0.010947 0.018282 0.007951 0.001137 0.034622 0.015336 0.009224 0.009929 0.037529 0.021513 0.016716 0.024272 0.023049 0.005014 0.020751 0.017626 0.015323 0.008674 0.002232 0.030283 0.020110 0.022174 0.033825 0.020488 0.009473 0.013981 0.023622 0.013266 0.036234 0.025381 0.009760 0.026888 0.006208 0.024992 0.016449 0.029512 0.032303 0.032422 0.035105 0.026218 0.032488 0.018180 0.024285 0.004482 0.020479 0.001045 0.030453 0.020285 0.022381
 0.034722 0.032867 0.012455 0.037870 0.016448 0.022656 0.024789 0.003637 0.034962 0.002109 0.039178 0.013147 0.021117 0.021871 0.030454 0.009206 0.028218 0.000321 0.006297 0.015726 0.013567 0.010223 0.033675 0.002109 0.005668 0.018529 0.021774 0.025966 0.030644 0.011419 0.038467 0.010793 0.027457 0.040147 0.006229 0.002684 0.018105 0.030043 0.031725 0.031419 0.027073 0.013519 0.000457 0.004822 0.016512 0.029260 0.008383 0.006718 0.035905 0.038660
 0.015406 0.026600 0.020385 0.034235 0.028232 0.014572 0.022461 0.004762 0.019627 0.017419 0.001127 0.031146 0.008366 0.029070 0.027949 0.033461 0.010599 0.030230 0.028109 0.031478 0.023542 0.021709 0.003408 0.019894 0.025963 0.005406 0.016129 0.007328 0.016295 0.006823 0.032824 0.012912 0.032872 0.017644 0.015209 0.025114 0.030255 0.025864 0.029630 0.001344 0.019282 0.022464 0.024954 0.027593 0.020867 0.008848 0.010523 0.014600 0.020046 0.025422
 0.013079 0.023442 0.020682 0.031071 0.025066 0.028317 0.004992 0.039924 0.025366 0.030303 0.039219 0.029891 0.004770 0.028795 0.034953 0.024687 0.012045 0.035870 0.033928 0.011272 0.032695 0.032821 0.009160 0.010786 0.007709 0.010223 0.040085 0.008299 0.012662 0.014929 0.029991 0.023929 0.004957 0.031661 0.000331 0.015756 0.035863 0.016425 0.003325 0.036070 0.020274 0.009530 0.002086 0.016153 0.009763 0.028340 0.007716 0.012655 0.010890 0.007245
 0.018919 0.019438 0.030904 0.005550 0.033472 0.029531 0.018593 0.028965 0.032704 0.017478 0.026373 0.029576 0.012379 0.019257 0.012564 0.029708 0.022918 0.023819 0.026294 0.015692 0.032377 0.023107 0.032399 0.031071 0.020447 0.004180 0.013673 0.002817 0.025317 0.024033 0.020064 0.020127 0.000688 0.025548 0.034158 0.000775 0.006798 0.000596 0.005453 0.027466 0.027798 0.028236 0.001469 0.015765 0.034227 0.031420 0.003112 0.032587 0.010766 0.009394
 0.033207 0.022659 0.017232 0.028626 0.007856 0.014570 0.002397 0.040384 0.028844 0.007254 0.013635 0.021281 0.033383 0.015128 0.036987 0.011262 0.026726 0.029776 0.017987 0.015542 0.012953 0.025222 0.037565 0.000155 0.021127 0.014451 0.010570 0.030553 0.041518 0.029063 0.025611 0.016937 0.025699 0.026305 0.027828 0.009556 0.020697 0.000956 0.000308 0.015127 0.001102 0.042442 0.018906 0.024851 0.020479 0.006961 0.037376 0.016339 0.007679 0.006930
 0.018382 0.017017 0.013743 0.024103 0.034392 0.037014 0.025515 0.013164 0.012036 0.007888 0.017534 0.009571 0.023944 0.010611 0.003483 0.014971 0.015172 0.014444 0.018480 0.005817 0.019440 0.027976 0.012399 0.036970 0.037414 0.016167 0.024803 0.033934 0.031082 0.035864 0.006506 0.037515 0.036144 0.032608 0.013805 0.006023 0.031194 0.006621 0.029291 0.016093 0.037922 0.019378 0.001076 0.002506 0.024708 0.035094 0.003687 0.005450 0.035062 0.005988
 0.021251 0.007628 0.035861 0.025273 0.020571 0.027638 0.007214 0.007558 0.009998 0.036478 0.037318 0.007062 0.015665 0.009825 0.023442 0.039313 0.030221 0.018610 0.039640 0.031434 0.032522 0.010619 0.019675 0.035360 0.018658 0.000756 0.030350 0.019353 0.010366 0.008337 0.016576 0.022084 0.015337 0.000788 0.022284 0.004200 0.027890 0.016134 0.025597 0.000008 0.000090 0.024440 0.028644 0.018290 0.010731 0.027318 0.034513 0.028681 0.015600 0.022797
 0.028905 0.015513 0.001338 0.000045 0.023290 0.005791 0.031032 0.025728 0.023911 0.000901 0.006562 0.031196 0.036197 0.003089 0.033929 0.004816 0.022199 0.018690 0.041427 0.013498 0.013868 0.012304 0.029182 0.033993 0.021959 0.000623 0.006030 0.024036 0.008281 0.036059 0.028121 0.018088 0.011806 0.026181 0.036754 0.027897 0.040004 0.025640 0.003152 0.043803 0.026594 0.003164 0.005532 0.031504 0.037730 0.038094 0.010539 0.003934 0.003851 0.023221
 0.033055 0.005454 0.024249 0.011564 0.004523 0.026125 0.002520 0.038819 0.039270 0.013208 0.008232 0.023710 0.019164 0.031835 0.001176 0.019783 0.028842 0.033107 0.019388 0.026584 0.007826 0.024882 0.017464 0.027215 0.021333 0.002648 0.020359 0.037101 0.035248 0.031801 0.025811 0.019705 0.003061 0.015890 0.010473 0.032114 0.028138 0.035396 0.027684 0.014647 0.009390 0.009925 0.007150 0.015870 0.016198 0.025485 0.033646 0.017286 0.004398 0.011248
 0.033581 0.008999 0.012997 0.021817 0.011988 0.029420 0.019300 0.001127 0.005156 0.034388 0.032491 0.018243 0.007786 0.028816 0.019245 0.019696 0.006047 0.018765 0.037025 0.011013 0.010929 0.028335 0.006426 0.009805 0.006474 0.014077 0.002894 0.032271 0.009794 0.017972 0.012296 0.023113 0.037341 0.013984 0.027830 0.005170 0.037711 0.036009 0.008048 0.026619 0.030246 0.018328 0.037838 0.035450 0.007207 0.031283 0.020273 0.029825 0.022279 0.022270
 0.014898 0.008159 0.032679 0.039689 0.039026 0.006517 0.011746 0.000558 0.023394 0.006221 0.040202 0.032075 0.020353 0.038093 0.008274 0.006782 0.001966 0.032602 0.035267 0.001409 0.011459 0.012632 0.015331 0.013444 0.005870 0.011959 0.014165 0.024180 0.016342 0.015577 0.000081 0.011461 0.047251 0.030004 0.016677 0.010716 0.036036 0.046522 0.043745 0.041461 0.019996 0.044166 0.030623 0.014777 0.017212 0.022005 0.003838 0.012565 0.003910 0.006086

600
 0.335682 0.664318
 0.109674 0.890326
 0.582140 0.417860
 0.837043 0.162957
 0.463318 0.536682
 0.246106 0.753894
 0.476737 0.523263
 0.418685 0.581315
 0.693130 0.306870
 0.299958 0.700042
 0.963804 0.036196
 0.179207 0.820793
 0.401760 0.598240
 0.447908 0.552092
 0.864318 0.135682
 0.631794 0.368206
 0.590734 0.409266
 0.407698 0.592302
 0.416187 0.583813
 0.377865 0.622135
 0.756309 0.243691
 0.692767 0.307233
 0.753390 0.246610
 0.518930 0.481070
 0.284641 0.715359
 0.258478 0.741522
 0.633736 0.366264
 0.693928 0.306072
 0.744400 0.255600
 0.518006 0.481994
 0.557839 0.442161
 0.267160 0.732840
 0.733357 0.266643
 0.439434 0.560566
 0.396823 0.603177
 0.580790 0.419210
 0.399741 0.600259
 0.591835 0.408165
 0.695464 0.304536
 0.410240 0.589760
 0.618464 0.381536
 0.131955 0.868045
 0.488305 0.511695
 0.538503 0.461497
 0.330271 0.669729
 0.731291 0.268709
 0.401924 0.598076
 0.843844 0.156156
 0.883194 0.116806
 0.313452 0.686548
 0.340891 0.659109
 0.126545 0.873455
 0.558132 0.441868
 0.360973 0.639027
 0.754713 0.245287
 0.492983 0.507017
 0.253461 0.746539
 0.374035 0.625965
 0.904086 0.095914
 0.805005 0.194995
 0.509536 0.490464
 0.491156 0.508844
 0.558671 0.441329
 0.948721 0.051279
 0.512297 0.487703
 0.544788 0.455212
 0.528289 0.471711
 0.379285 0.620715
 0.307215 0.692785
 0.382122 0.617878
 0.441926 0.558074
 0.361960 0.638040
 0.467854 0.532146
 0.510470 0.489530
 0.473078 0.526922
 0.128831 0.871169
 0.241490 0.758510
 0.714706 0.285294
 0.434290 0.565710
 0.998529 0.001471
 0.424622 0.575378
 0.448585 0.551415
 0.325876 0.674124
 0.456635 0.543365
 0.919616 0.080384
 0.845949 0.154051
 0.864866 0.135134
 0.503732 0.496268
 0.776488 0.223512
 0.428486 0.571514
 0.633253 0.366747
 0.610042 0.389958
 0.700946 0.299054
 0.412271 0.587729
 0.416496 0.583504
 0.710072 0.289928
 0.790484 0.209516
 0.227189 0.772811
 0.217991 0.782009
 0.113244 0.886756
 0.910720 0.089280
 0.068866 0.931134
 0.997474 0.002526
 0.377969 0.622031
 0.533944 0.466056
 0.762568 0.237432
 0.404894 0.595106
 0.256508 0.743492
 0.455834 0.544166
 0.527929 0.472071
 0.375706 0.624294
 0.740679 0.259321
 0.801024 0.198976
 0.689269 0.310731
 0.511677 0.488323
 0.504480 0.495520
 0.356194 0.643806
 0.511856 0.488144
 0.565757 0.434243
 0.599815 0.400185
 0.828696 0.171304
 0.217375 0.782625
 0.995100 0.004900
 0.031472 0.968528
 0.983126 0.016874
 0.720478 0.279522
 0.479453 0.520547
 0.150150 0.849850
 0.410206 0.589794
 0.643394 0.356606
 0.369263 0.630737
 0.161714 0.838286
 0.360084 0.639916
 0.657635 0.342365
 0.508455 0.491545
 0.640099 0.359901
 0.673858 0.326142
 0.686370 0.313630
 0.519894 0.480106
 0.215391 0.784609
 0.236569 0.763431
 0.631576 0.368424
 0.602026 0.397974
 0.737340 0.262660
 0.260732 0.739268
 0.379135 0.620865
 0.302033 0.697967
 0.732313 0.267687
 0.677514 0.322486
 0.141403 0.858597
 0.602896 0.397104
 0.367785 0.632215
 0.620432 0.379568
 0.746638 0.253362
 0.432147 0.567853
 0.508236 0.491764
 0.304842 0.695158
 0.317809 0.682191
 0.239695 0.760305
 0.292256 0.707744
 0.941112 0.058888
 0.974577 0.025423
 0.534550 0.465450
 0.050517 0.949483
 0.410971 0.589029
 0.317739 0.682261
 0.271158 0.728842
 0.959729 0.040271
 0.044207 0.955793
 0.500715 0.499285
 0.092482 0.907518
 0.481612 0.518388
 0.550277 0.449723
 0.392573 0.607427
 0.289908 0.710092
 0.233314 0.766686
 0.473214 0.526786
 0.772548 0.227452
 0.778443 0.221557
 0.330273 0.669727
 0.464189 0.535811
 0.516720 0.483280
 0.311686 0.688314
 0.330231 0.669769
 0.093316 0.906684
 0.651190 0.348810
 0.613824 0.386176
 0.800123 0.199877
 0.580986 0.419014
 0.447355 0.552645
 0.412912 0.587088
 0.808873 0.191127
 0.560672 0.439328
 0.533330 0.466670
 0.168361 0.831639
 0.055303 0.944697
 0.722996 0.277004
 0.338384 0.661616
 0.635617 0.364383
 0.739913 0.260087
 0.498410 0.501590
 0.501634 0.498366
 0.769905 0.230095
 0.098577 0.901423
 0.406801 0.593199
 0.750287 0.249713
 0.556921 0.443079
 0.891047 0.108953
 0.612794 0.387206
 0.468650 0.531350
 0.393610 0.606390
 0.708256 0.291744
 0.142638 0.857362
 0.616817 0.383183
 0.510752 0.489248
 0.652762 0.347238
 0.546280 0.453720
 0.087160 0.912840
 0.595070 0.404930
 0.574241 0.425759
 0.483798 0.516202
 0.635005 0.364995
 0.715574 0.284426
 0.161258 0.838742
 0.729881 0.270119
 0.269353 0.730647
 0.442358 0.557642
 0.651077 0.348923
 0.371161 0.628839
 0.485892 0.514108
 0.290537 0.709463
 0.508935 0.491065
 0.916585 0.083415
 0.493994 0.506006
 0.211443 0.788557
 0.518470 0.481530
 0.261664 0.738336
 0.402917 0.597083
 0.227964 0.772036
 0.388087 0.611913
 0.440548 0.559452
 0.338909 0.661091
 0.119031 0.880969
 0.543866 0.456134
 0.567956 0.432044
 0.826516 0.173484
 0.058801 0.941199
 0.673625 0.326375
 0.569808 0.430192
 0.825025 0.174975
 0.770582 0.229418
 0.084638 0.915362
 0.038007 0.961993
 0.712617 0.287383
 0.563545 0.436455
 0.225007 0.774993
 0.665140 0.334860
 0.761378 0.238622
 0.146155 0.853845
 0.457467 0.542533
 0.470907 0.529093
 0.535852 0.464148
 0.498154 0.501846
 0.390587 0.609413
 0.471308 0.528692
 0.479039 0.520961
 0.505592 0.494408
 0.610223 0.389777
 0.422511 0.577489
 0.417407 0.582593
 0.610400 0.389600
 0.531696 0.468304
 0.514595 0.485405
 0.378258 0.621742
 0.555916 0.444084
 0.467042 0.532958
 0.976482 0.023518
 0.744991 0.255009
 0.983915 0.016085
 0.615105 0.384895
 0.107752 0.892248
 0.432703 0.567297
 0.211693 0.788307
 0.122185 0.877815
 0.214356 0.785644
 0.556525 0.443475
 0.531360 0.468640
 0.428614 0.571386
 0.606395 0.393605
 0.386201 0.613799
 0.452769 0.547231
 0.377077 0.622923
 0.438603 0.561397
 0.585695 0.414305
 0.533247 0.466753
 0.747692 0.252308
 0.492581 0.507419
 0.880427 0.119573
 0.843044 0.156956
 0.734362 0.265638

24
 0.351237 0.419620 0.229143
 0.291580 0.222058 0.486362
 0.351627 0.279332 0.369042
 0.395163 0.499204 0.105633
 0.190019 0.481586 0.328395
 0.271723 0.222600 0.505677
 0.657210 0.329661 0.013129
 0.234787 0.338166 0.427047

36
 0.187158 0.812842
 0.258917 0.741083
 0.219299 0.780701
 0.143921 0.856079
 0.780178 0.219822
 0.602790 0.397210
 0.421676 0.578324
 0.536700 0.463300
 0.044718 0.955282
 0.530540 0.469460
 0.960437 0.039563
 0.667564 0.332436
 0.065184 0.934816
 0.511277 0.488723
 0.360883 0.639117
 0.396067 0.603933
 0.644739 0.355261
 0.378176 0.621824

36
 0.554236 0.445764
 0.530127 0.469873
 0.984883 0.015117
 0.369939 0.630061
 0.866856 0.133144
 0.518749 0.481251
 0.384158 0.615842
 0.606515 0.393485
 0.520263 0.479737
 0.186838 0.813162
 0.196751 0.803249
 0.527216 0.472784
 0.934131 0.065869
 0.567391 0.432609
 0.433052 0.566948
 0.324397 0.675603
 0.601465 0.398535
 0.868662 0.131338

900
 0.388616 0.455149 0.156235
 0.401968 0.292949 0.305083
 0.161567 0.555482 0.282952
 0.379622 0.196805 0.423572
 0.179080 0.158378 0.662542
 0.192829 0.774674 0.032496
 0.364255 0.524726 0.111019
 0.466385 0.407108 0.126507
 0.336477 0.110154 0.553369
 0.375129 0.330601 0.294270
 0.324770 0.291301 0.383929
 0.388571 0.198831 0.412598
 0.351520 0.340811 0.307669
 0.417047 0.420535 0.162418
 0.161656 0.402322 0.436023
 0.321348 0.213182 0.465469
 0.391737 0.084177 0.524086
 0.531720 0.272098 0.196182
 0.416770 0.225356 0.357875
 0.040240 0.484368 0.475392
 0.010488 0.385592 0.603920
 0.301109 0.584760 0.114131
 0.040964 0.530748 0.428289
 0.045987 0.209130 0.744883
 0.435477 0.285681 0.278842
 0.469488 0.137340 0.393171
 0.656534 0.058245 0.285221
 0.358947 0.143131 0.497922
 0.360396 0.321624 0.317979
 0.066228 0.471531 0.462241
 0.465619 0.486798 0.047584
 0.007545 0.642879 0.349576
 0.340348 0.492212 0.167440
 0.378748 0.458990 0.162262
 0.281815 0.225017 0.493168
 0.375954 0.281084 0.342962
 0.116444 0.224823 0.658734
 0.150800 0.516459 0.332741
 0.052661 0.578611 0.368728
 0.585991 0.141794 0.272215
 0.427807 0.141177 0.431016
 0.509239 0.306925 0.183836
 0.010011 0.857156 0.132833
 0.338870 0.368175 0.292955
 0.302489 0.478738 0.218773
 0.615721 0.328557 0.055722
 0.446696 0.208711 0.344593
 0.512137 0.458415 0.029448
 0.370266 0.359491 0.270243
 0.497027 0.450479 0.052494
 0.232049 0.503962 0.263990
 0.404947 0.578821 0.016233
 0.425961 0.089156 0.484883
 0.401575 0.252427 0.345998
 0.286353 0.559561 0.154086
 0.228248 0.475546 0.296207
 0.101827 0.319110 0.579064
 0.508293 0.259085 0.232622
 0.433602 0.257526 0.308872
 0.310687 0.617847 0.071466
 0.816637 0.088672 0.094691
 0.120698 0.082650 0.796652
 0.394927 0.550807 0.054265
 0.416128 0.233447 0.350426
 0.551273 0.433948 0.014778
 0.624449 0.077178 0.298373
 0.082750 0.597461 0.319789
 0.387342 0.224077 0.388581
 0.418849 0.064556 0.516595
 0.235312 0.355142 0.409547
 0.033511 0.259620 0.706869
 0.272136 0.581638 0.146226
 0.195467 0.230102 0.574431
 0.284316 0.623221 0.092463
 0.506812 0.273985 0.219202
 0.405004 0.255575 0.339421
 0.670784 0.139754 0.189462
 0.068026 0.071433 0.860540
 0.423787 0.543579 0.032634
 0.207875 0.468023 0.324102
 0.457572 0.524924 0.017504
 0.023750 0.435513 0.540737
 0.288471 0.261907 0.449622
 0.356082 0.621664 0.022255
 0.502138 0.276795 0.221067
 0.595649 0.299187 0.105164
 0.316869 0.343995 0.339136
 0.494428 0.358994 0.146578
 0.435395 0.214240 0.350365
 0.185259 0.405545 0.409196
 0.576140 0.374529 0.049331
 0.643312 0.218683 0.138006
 0.303944 0.605126 0.090930
 0.433352 0.276840 0.289808
 0.296451 0.685165 0.018383
 0.030286 0.518227 0.451487
 0.329885 0.342002 0.328113
 0.299684 0.688620 0.011696
 0.596747 0.388250 0.015002
 0.814197 0.042523 0.143281
 0.381731 0.114945 0.503324
 0.887007 0.100633 0.012360
 0.081762 0.440046 0.478192
 0.409214 0.343054 0.247732
 0.222860 0.166841 0.610299
 0.252170 0.219440 0.528389
 0.177825 0.026174 0.796001
 0.072176 0.171891 0.755934
 0.438770 0.519909 0.041321
 0.338714 0.146343 0.514943
 0.465735 0.305156 0.229110
 0.326393 0.320200 0.353407
 0.087305 0.359410 0.553285
 0.191829 0.417046 0.391124
 0.273136 0.616912 0.109952
 0.320887 0.041662 0.637451
 0.423821 0.354843 0.221337
 0.484466 0.362888 0.152646
 0.371507 0.501432 0.127061
 0.071794 0.470946 0.457260
 0.221201 0.065443 0.713356
 0.461182 0.472321 0.066498
 0.179019 0.193236 0.627745
 0.221878 0.448322 0.329800
 0.048298 0.211831 0.739871
 0.641318 0.008572 0.350110
 0.411664 0.310005 0.278330
 0.859283 0.016418 0.124300
 0.272180 0.307630 0.420190
 0.489771 0.395730 0.114499
 0.131063 0.002979 0.865959
 0.348409 0.367414 0.284177
 0.326408 0.549428 0.124164
 0.282594 0.206799 0.510607
 0.439268 0.416233 0.144499
 0.478724 0.217226 0.304050
 0.636961 0.138254 0.224785
 0.363667 0.248708 0.387625
 0.141020 0.497561 0.361419
 0.336061 0.181723 0.482216
 0.417742 0.497531 0.084727
 0.245857 0.572278 0.181865
 0.290859 0.405461 0.303680
 0.525177 0.013793 0.461030
 0.538755 0.098394 0.362851
 0.515618 0.014616 0.469766
 0.223659 0.344288 0.432053
 0.432842 0.127700 0.439458
 0.410635 0.404193 0.185172
 0.042545 0.122644 0.834811
 0.356114 0.129756 0.514130
 0.332271 0.351241 0.316488
 0.397091 0.231650 0.371259
 0.131095 0.833319 0.035585
 0.314057 0.432887 0.253056
 0.382996 0.365494 0.251509
 0.026771 0.443789 0.529440
 0.823223 0.017878 0.158899
 0.324032 0.468711 0.207257
 0.019005 0.587640 0.393356
 0.384226 0.369293 0.246481
 0.383859 0.142713 0.473427
 0.638175 0.103566 0.258258
 0.206968 0.492815 0.300217
 0.263182 0.197329 0.539489
 0.442353 0.152291 0.405356
 0.438990 0.288390 0.272619
 0.616324 0.269322 0.114354
 0.027787 0.520118 0.452095
 0.301692 0.362879 0.335428
 0.451643 0.504619 0.043738
 0.229219 0.489884 0.280897
 0.180195 0.486034 0.333771
 0.350015 0.398836 0.251149
 0.385138 0.191418 0.423445
 0.853289 0.061175 0.085536
 0.552851 0.046811 0.400338
 0.431218 0.270438 0.298344
 0.432081 0.438233 0.129685
 0.774089 0.218305 0.007606
 0.783041 0.028019 0.188940
 0.596546 0.051440 0.352014
 0.138147 0.285991 0.575862
 0.479185 0.006153 0.514663
 0.475092 0.120786 0.404122
 0.428535 0.504896 0.066568
 0.410010 0.526371 0.063619
 0.710915 0.110987 0.178098
 0.370626 0.186435 0.442939
 0.230872 0.398236 0.370892
 0.333696 0.122157 0.544147
 0.444914 0.370312 0.184774
 0.377256 0.253245 0.369499
 0.423598 0.459012 0.117390
 0.091466 0.688795 0.219739
 0.116973 0.256110 0.626918
 0.089049 0.566008 0.344943
 0.229503 0.307518 0.462979
 0.370142 0.562253 0.067605
 0.778658 0.171430 0.049911
 0.568484 0.020744 0.410772
 0.522417 0.100226 0.377357
 0.442022 0.342331 0.215646
 0.303225 0.341259 0.355516
 0.735749 0.042852 0.221400
 0.322520 0.291055 0.386425
 0.803840 0.012254 0.183906
 0.294759 0.270921 0.434320
 0.146867 0.312487 0.540646
 0.245152 0.387114 0.367734
 0.358363 0.327314 0.314323
 0.472122 0.285738 0.242141
 0.119430 0.395668 0.484901
 0.253141 0.345837 0.401022
 0.067918 0.259417 0.672664
 0.335513 0.357329 0.307158
 0.317689 0.387972 0.294338
 0.160532 0.569495 0.269973
 0.529357 0.207998 0.262645
 0.036421 0.754974 0.208605
 0.111054 0.571036 0.317909
 0.215519 0.374806 0.409675
 0.093344 0.393182 0.513474
 0.027154 0.376806 0.596040
 0.155411 0.369299 0.475289
 0.435338 0.116014 0.448647
 0.809615 0.130449 0.059936
 0.296453 0.574398 0.129149
 0.412025 0.192579 0.395396
 0.474871 0.109597 0.415532
 0.217289 0.417730 0.364981
 0.277713 0.264684 0.457603
 0.442377 0.443807 0.113816
 0.307049 0.368530 0.324422
 0.314038 0.368900 0.317062
 0.031486 0.427691 0.540823
 0.295336 0.269630 0.435034
 0.404253 0.484761 0.110986
 0.354673 0.359537 0.285790
 0.293582 0.215215 0.491203
 0.401328 0.110031 0.488641
 0.576734 0.240104 0.183162
 0.308583 0.668709 0.022708
 0.426595 0.360162 0.213242
 0.607643 0.115768 0.276589
 0.327179 0.221899 0.450922
 0.399949 0.404010 0.196042
 0.437201 0.193070 0.369729
 0.561038 0.011387 0.427575
 0.342141 0.236870 0.420989
 0.405845 0.250553 0.343602
 0.404523 0.245234 0.350243
 0.424934 0.139279 0.435787
 0.320003 0.327203 0.352794
 0.722344 0.071392 0.206264
 0.503004 0.431409 0.065588
 0.426001 0.113202 0.460797
 0.045188 0.375029 0.579784
 0.389499 0.096587 0.513914
 0.115546 0.480823 0.403631
 0.290614 0.027975 0.681411
 0.657548 0.047917 0.294535
 0.442770 0.078770 0.478460
 0.324869 0.261099 0.414033
 0.380797 0.204160 0.415043
 0.494073 0.432547 0.073379
 0.422072 0.407251 0.170676
 0.118169 0.574698 0.307133
 0.227313 0.219353 0.553334
 0.344249 0.329711 0.326040
 0.292119 0.254719 0.453163
 0.395843 0.207299 0.396858
 0.472239 0.106077 0.421684
 0.388444 0.208112 0.403443
 0.247722 0.482429 0.269849
 0.422979 0.139057 0.437964
 0.145465 0.346318 0.508216
 0.411210 0.115745 0.473045
 0.484640 0.308441 0.206920
 0.168990 0.414870 0.416140
 0.557733 0.293932 0.148335
 0.301674 0.380708 0.317617
 0.417348 0.442374 0.140278
 0.163417 0.303715 0.532868
 0.350918 0.336216 0.312866
 0.018154 0.467273 0.514573
 0.503574 0.002978 0.493448
 0.000421 0.760569 0.239011
 0.408217 0.140391 0.451392
 0.189460 0.556917 0.253623
 0.300917 0.420962 0.278121
 0.181192 0.414830 0.403978
 0.249562 0.262469 0.487970
 0.155415 0.361722 0.482863
 0.859940 0.122413 0.017647
 0.410496 0.239851 0.349653
 0.378143 0.373550 0.248308
 0.580956 0.117339 0.301706
 0.538809 0.122933 0.338259
 0.930779 0.011799 0.057422

24
 0.696689 0.303311
 0.806467 0.193533
 0.265456 0.734544
 0.286540 0.713460
 0.628294 0.371706
 0.390605 0.609395
 0.466775 0.533225
 0.916980 0.083020
 0.927056 0.072944
 0.699968 0.300032
 0.307425 0.692575
 0.520106 0.479894

12
 0.379789 0.227110 0.393101
 0.077535 0.077993 0.844472
 0.425653 0.063121 0.511226
 0.358915 0.317821 0.323264

36
 0.848341 0.151659
 0.061692 0.938308
 0.855836 0.144164
 0.571228 0.428772
 0.445872 0.554128
 0.855076 0.144924
 0.493962 0.506038
 0.406352 0.593648
 0.289786 0.710214
 0.506589 0.493411
 0.459459 0.540541
 0.544078 0.455922
 0.736713 0.263287
 0.309165 0.690835
 0.528776 0.471224
 0.534354 0.465646
 0.975912 0.024088
 0.457234 0.542766

24
 0.412423 0.587577
 0.818413 0.181587
 0.841131 0.158869
 0.324080 0.675920
 0.458369 0.541631
 0.569829 0.430171
 0.707379 0.292621
 0.507704 0.492296
 0.937748 0.062252
 0.627636 0.372364
 0.099461 0.900539
 0.524238 0.475762

900
 0.190892 0.218259 0.590849
 0.116535 0.655679 0.227786
 0.317272 0.367636 0.315092
 0.239873 0.486682 0.273445
 0.497075 0.310230 0.192695
 0.409893 0.110258 0.479849
 0.398927 0.186537 0.414536
 0.882035 0.011359 0.106607
 0.142279 0.736986 0.120735
 0.560116 0.262375 0.177509
 0.022987 0.262729 0.714284
 0.313970 0.147447 0.538583
 0.444677 0.057515 0.497808
 0.549992 0.412122 0.037886
 0.241073 0.483626 0.275301
 0.008360 0.931225 0.060416
 0.476610 0.380442 0.142948
 0.486123 0.326371 0.187506
 0.431818 0.303454 0.264728
 0.167799 0.131010 0.701191
 0.370599 0.338619 0.290782
 0.188469 0.400378 0.411154
 0.043086 0.607507 0.349406
 0.304975 0.405542 0.289482
 0.361218 0.499510 0.139273
 0.011741 0.485002 0.503257
 0.194368 0.465092 0.340540
 0.496045 0.041988 0.461967
 0.087277 0.131928 0.780795
 0.354549 0.203558 0.441893
 0.239586 0.360737 0.399678
 0.332208 0.596757 0.071036
 0.032505 0.346182 0.621313
 0.594656 0.378086 0.027258
 0.417621 0.302143 0.280237
 0.182607 0.698776 0.118617
 0.026417 0.556491 0.417093
 0.421824 0.515113 0.063063
 0.070939 0.522744 0.406317
 0.441253 0.142165 0.416582
 0.063672 0.528336 0.407992
 0.058190 0.635959 0.305851
 0.159813 0.508279 0.331909
 0.271995 0.287662 0.440343
 0.058203 0.547147 0.394651
 0.403427 0.068389 0.528184
 0.502538 0.112545 0.384917
 0.726818 0.181939 0.091243
 0.396900 0.466637 0.136464
 0.045143 0.491847 0.463010
 0.294290 0.399337 0.306373
 0.367730 0.593582 0.038688
 0.504496 0.261186 0.234318
 0.335388 0.347721 0.316891
 0.195306 0.339670 0.465024
 0.294939 0.308831 0.396230
 0.124034 0.432356 0.443609
 0.157224 0.324213 0.518563
 0.523151 0.306908 0.169941
 0.402703 0.115125 0.482171
 0.579909 0.028560 0.391531
 0.421190 0.548019 0.030791
 0.577247 0.066683 0.356070
 0.047885 0.292263 0.659852
 0.284644 0.526075 0.189282
 0.847191 0.117461 0.035348
 0.595731 0.386558 0.017712
 0.274755 0.370933 0.354312
 0.337367 0.206801 0.455832
 0.480894 0.474277 0.044829
 0.745488 0.027265 0.227247
 0.419160 0.492534 0.088306
 0.582601 0.199337 0.218062
 0.618204 0.055571 0.326225
 0.549989 0.148014 0.301997
 0.482989 0.268590 0.248422
 0.335167 0.466577 0.198256
 0.465189 0.039275 0.495537
 0.161555 0.421392 0.417054
 0.264829 0.541440 0.193731
 0.215106 0.262770 0.522124
 0.474586 0.288145 0.237269
 0.369491 0.067581 0.562928
 0.259838 0.453223 0.286939
 0.392705 0.546705 0.060591
 0.532327 0.291986 0.175686
 0.276168 0.181145 0.542687
 0.361013 0.315939 0.323048
 0.052922 0.223175 0.723903
 0.538205 0.330047 0.131748
 0.372583 0.370059 0.257358
 0.299959 0.653933 0.046108
 0.286512 0.463013 0.250475
 0.349165 0.324792 0.326043
 0.129230 0.285656 0.585114
 0.500264 0.171660 0.328076
 0.426670 0.265657 0.307673
 0.023797 0.414283 0.561920
 0.322847 0.421831 0.255322
 0.405922 0.559794 0.034284
 0.505436 0.398474 0.096090
 0.480973 0.494882 0.024145
 0.160972 0.363111 0.475917
 0.018233 0.605472 0.376295
 0.269006 0.032547 0.698448
 0.470263 0.465844 0.063893
 0.373418 0.392025 0.234557
 0.304020 0.313186 0.382794
 0.474001 0.283920 0.242079
 0.168842 0.362816 0.468342
 0.173346 0.514759 0.311895
 0.649239 0.159822 0.190938
 0.633459 0.070226 0.296315
 0.404116 0.072349 0.523535
 0.286940 0.393503 0.319557
 0.673763 0.149266 0.176971
 0.313104 0.331553 0.355343
 0.315022 0.349000 0.335979
 0.259816 0.685392 0.054792
 0.427303 0.212651 0.360047
 0.404449 0.167015 0.428536
 0.035350 0.664333 0.300317
 0.586177 0.235268 0.178555
 0.192077 0.432861 0.375062
 0.323161 0.066562 0.610277
 0.392124 0.279986 0.327890
 0.490169 0.102368 0.407462
 0.490809 0.345304 0.163887
 0.475260 0.048243 0.476496
 0.462647 0.065774 0.471579
 0.222310 0.685674 0.092016
 0.167456 0.324071 0.508473
 0.484750 0.252305 0.262945
 0.260646 0.181493 0.557862
 0.493361 0.334513 0.172126
 0.473417 0.275352 0.251230
 0.140531 0.488952 0.370517
 0.467235 0.364520 0.168245
 0.265896 0.511924 0.222180
 0.246994 0.621788 0.131218
 0.279669 0.433213 0.287118
 0.314938 0.271942 0.413120
 0.414369 0.386481 0.199150
 0.431326 0.376921 0.191753
 0.097017 0.431471 0.471513
 0.320619 0.272575 0.406805
 0.398696 0.318578 0.282725
 0.435162 0.210329 0.354509
 0.660454 0.090757 0.248789
 0.536680 0.367998 0.095322
 0.437071 0.472075 0.090854
 0.257702 0.525825 0.216473
 0.297236 0.455396 0.247368
 0.400862 0.555340 0.043798
 0.168800 0.634113 0.197087
 0.325826 0.338918 0.335257
 0.224291 0.593989 0.181720
 0.199206 0.433928 0.366866
 0.530211 0.313903 0.155886
 0.428989 0.209881 0.361130
 0.038851 0.483072 0.478077
 0.395642 0.350325 0.254033
 0.135700 0.467302 0.396998
 0.374647 0.291266 0.334087
 0.538064 0.301560 0.160376
 0.525551 0.296943 0.177506
 0.111557 0.204872 0.683571
 0.470927 0.152125 0.376948
 0.715897 0.189518 0.094585
 0.403206 0.321977 0.274817
 0.391407 0.092696 0.515897
 0.491123 0.363352 0.145526
 0.034707 0.801829 0.163464
 0.298143 0.324137 0.377721
 0.337705 0.190529 0.471765
 0.029979 0.529186 0.440834
 0.190730 0.434773 0.374497
 0.653766 0.274931 0.071303
 0.237214 0.307918 0.454869
 0.441875 0.147770 0.410355
 0.426530 0.273984 0.299486
 0.466017 0.004490 0.529492
 0.218830 0.160785 0.620384
 0.457226 0.082142 0.460632
 0.306774 0.339868 0.353357
 0.043549 0.847678 0.108773
 0.417617 0.256407 0.325976
 0.372774 0.283323 0.343903
 0.365384 0.249676 0.384940
 0.213548 0.414588 0.371865
 0.228791 0.701459 0.069750
 0.521254 0.343735 0.135012
 0.172588 0.417895 0.409517
 0.039745 0.624488 0.335767
 0.160926 0.564455 0.274618
 0.712083 0.189415 0.098502
 0.282863 0.268626 0.448511
 0.404447 0.481580 0.113973
 0.089502 0.367653 0.542846
 0.231599 0.295417 0.472984
 0.120371 0.670872 0.208757
 0.052375 0.453708 0.493917
 0.299421 0.395362 0.305217
 0.258981 0.298870 0.442149
 0.400333 0.159943 0.439724
 0.624475 0.307949 0.067576
 0.206672 0.266168 0.527160
 0.279937 0.432508 0.287555
 0.133739 0.183945 0.682316
 0.132897 0.527538 0.339565
 0.326960 0.533847 0.139193
 0.250070 0.303123 0.446807
 0.406555 0.517276 0.076169
 0.190324 0.746223 0.063453
 0.454736 0.427808 0.117456
 0.540457 0.328075 0.131469
 0.061189 0.245467 0.693344
 0.406967 0.080520 0.512513
 0.471073 0.178618 0.350309
 0.372384 0.389168 0.238448
 0.321243 0.359609 0.319148
 0.533849 0.117391 0.348759
 0.294711 0.599609 0.105680
 0.253421 0.364209 0.382371
 0.202425 0.336891 0.460684
 0.266454 0.453726 0.279820
 0.067330 0.208868 0.723801
 0.481451 0.301575 0.216974
 0.426071 0.122498 0.451431
 0.060990 0.307065 0.631945
 0.600402 0.188588 0.211010
 0.391679 0.318886 0.289434
 0.063619 0.485338 0.451043
 0.382333 0.469386 0.148281
 0.382676 0.056671 0.560654
 0.447554 0.279781 0.272665
 0.314885 0.518832 0.166283
 0.593439 0.193626 0.212934
 0.102489 0.387165 0.510346
 0.372485 0.199454 0.428061
 0.383497 0.310137 0.306366
 0.273388 0.360113 0.366499
 0.689014 0.131034 0.179951
 0.338342 0.281699 0.379958
 0.332940 0.272289 0.394771
 0.330893 0.301228 0.367879
 0.648346 0.136893 0.214761
 0.224939 0.449303 0.325759
 0.381017 0.377853 0.241130
 0.328991 0.289227 0.381782
 0.261048 0.464891 0.274060
 0.185629 0.081240 0.733131
 0.289560 0.386655 0.323785
 0.285858 0.476707 0.237435
 0.451276 0.321236 0.227488
 0.438398 0.401795 0.159807
 0.357373 0.251465 0.391161
 0.021297 0.459610 0.519094
 0.172280 0.218326 0.609395
 0.441635 0.139907 0.418458
 0.081659 0.319353 0.598989
 0.456231 0.465586 0.078183
 0.430966 0.206980 0.362054
 0.692696 0.169395 0.137909
 0.024481 0.509084 0.466434
 0.369725 0.361904 0.268371
 0.196041 0.472919 0.331040
 0.006362 0.393377 0.600261
 0.346599 0.374136 0.279265
 0.256047 0.701943 0.042010
 0.245194 0.119340 0.635467
 0.389744 0.166651 0.443605
 0.158682 0.836181 0.005137
 0.065837 0.419946 0.514217
 0.420301 0.216761 0.362938
 0.548452 0.152450 0.299098
 0.445891 0.348274 0.205836
 0.381964 0.466664 0.151372
 0.325053 0.369674 0.305273
 0.144478 0.085230 0.770292
 0.403273 0.116536 0.480191
 0.432504 0.566589 0.000907
 0.385887 0.021271 0.592842
 0.136963 0.543970 0.319066
 0.206108 0.695136 0.098756
 0.399893 0.469864 0.130243
 0.432262 0.532655 0.035084
 0.043644 0.316795 0.639561
 0.177217 0.436779 0.386003
 0.396510 0.404533 0.198957
 0.613171 0.331438 0.055390
 0.552489 0.139267 0.308244
 0.378161 0.445428 0.176411
 0.844537 0.124341 0.031121
 0.410394 0.372123 0.217483
 0.331128 0.331130 0.337742
 0.283513 0.415922 0.300566
 0.288358 0.344406 0.367236
 0.529648 0.388796 0.081555
 0.474324 0.492284 0.033392

24
 0.449129 0.550871
 0.547127 0.452873
 0.757835 0.242165
 0.072220 0.927780
 0.282556 0.717444
 0.676352 0.323648
 0.358587 0.641413
 0.454968 0.545032
 0.267662 0.732338
 0.477661 0.522339
 0.532257 0.467743
 0.536541 0.463459

600
 0.247830 0.629615 0.122555
 0.145509 0.547929 0.306562
 0.526382 0.060277 0.413341
 0.523337 0.137695 0.338968
 0.292751 0.444774 0.262475
 0.544658 0.382839 0.072503
 0.246455 0.004235 0.749309
 0.511651 0.061653 0.426696
 0.184694 0.445608 0.369698
 0.252561 0.412559 0.334880
 0.407431 0.249292 0.343278
 0.206397 0.701037 0.092566
 0.352580 0.157743 0.489677
 0.529571 0.232885 0.237544
 0.119222 0.353274 0.527504
 0.224286 0.202511 0.573203
 0.067565 0.474728 0.457707
 0.437646 0.388473 0.173881
 0.684346 0.141800 0.173854
 0.574782 0.064967 0.360251
 0.369906 0.490717 0.139376
 0.194678 0.363315 0.442007
 0.183840 0.394557 0.421602
 0.498213 0.378958 0.122830
 0.361075 0.371036 0.267889
 0.400155 0.401540 0.198304
 0.271049 0.511905 0.217046
 0.481273 0.143117 0.375610
 0.225412 0.420718 0.353870
 0.070560 0.654238 0.275202
 0.387062 0.611441 0.001497
 0.259513 0.547447 0.193041
 0.660554 0.022817 0.316629
 0.260625 0.184918 0.554457
 0.336298 0.633864 0.029838
 0.152845 0.384791 0.462365
 0.389410 0.211576 0.399014
 0.441204 0.269941 0.288854
 0.035054 0.713046 0.251900
 0.135083 0.725252 0.139665
 0.480571 0.114757 0.404672
 0.146278 0.212876 0.640847
 0.560188 0.000453 0.439360
 0.030276 0.600921 0.368803
 0.019878 0.539198 0.440924
 0.311765 0.640373 0.047862
 0.461505 0.081439 0.457055
 0.449888 0.287705 0.262407
 0.117523 0.550283 0.332194
 0.625767 0.197137 0.177096
 0.226915 0.414398 0.358687
 0.253915 0.202244 0.543841
 0.567966 0.099862 0.332173
 0.084399 0.035969 0.879632
 0.499626 0.409847 0.090527
 0.201185 0.504723 0.294091
 0.961594 0.026103 0.012303
 0.345587 0.529260 0.125153
 0.040134 0.521756 0.438110
 0.511446 0.258442 0.230112
 0.290655 0.279460 0.429885
 0.374033 0.462584 0.163384
 0.248081 0.488611 0.263308
 0.524260 0.428185 0.047555
 0.090778 0.442883 0.466339
 0.122921 0.139206 0.737873
 0.675136 0.135735 0.189129
 0.337212 0.088309 0.574479
 0.205695 0.365634 0.428671
 0.607300 0.262723 0.129977
 0.302233 0.227012 0.470755
 0.251105 0.339908 0.408987
 0.051318 0.445293 0.503389
 0.770225 0.222196 0.007579
 0.400018 0.143139 0.456842
 0.160517 0.130258 0.709225
 0.466317 0.361016 0.172667
 0.309675 0.341617 0.348708
 0.190433 0.509624 0.299943
 0.464271 0.236830 0.298899
 0.314778 0.419626 0.265597
 0.214266 0.362033 0.423701
 0.248494 0.246005 0.505500
 0.323916 0.348315 0.327769
 0.492931 0.355763 0.151306
 0.138729 0.750862 0.110409
 0.849043 0.065588 0.085369
 0.271495 0.284512 0.443993
 0.120892 0.518305 0.360803
 0.731807 0.102037 0.166156
 0.211375 0.182982 0.605643
 0.380476 0.248769 0.370755
 0.651242 0.063244 0.285514
 0.186563 0.372746 0.440691
 0.098231 0.505029 0.396740
 0.759206 0.135154 0.105640
 0.284870 0.215040 0.500091
 0.264264 0.012633 0.723104
 0.685542 0.159197 0.155261
 0.531111 0.088320 0.380570
 0.547584 0.330134 0.122282
 0.241467 0.473508 0.285025
 0.365233 0.448449 0.186317
 0.460157 0.352421 0.187422
 0.287096 0.098358 0.614547
 0.409348 0.204221 0.386432
 0.159626 0.031869 0.808505
 0.530660 0.227614 0.241726
 0.714713 0.161014 0.124273
 0.218029 0.385996 0.395975
 0.221607 0.349825 0.428568
 0.410737 0.400083 0.189181
 0.128255 0.532507 0.339238
 0.348498 0.329914 0.321587
 0.244357 0.479734 0.275910
 0.487919 0.277341 0.234740
 0.368056 0.227096 0.404848
 0.409811 0.294200 0.295989
 0.165772 0.134999 0.699228
 0.367845 0.126522 0.505632
 0.151763 0.542498 0.305738
 0.401416 0.266959 0.331625
 0.678449 0.139042 0.182509
 0.442225 0.121761 0.436014
 0.179349 0.098170 0.722481
 0.406098 0.305539 0.288363
 0.354553 0.454246 0.191201
 0.452049 0.137450 0.410501
 0.642339 0.221243 0.136418
 0.169319 0.431934 0.398746
 0.250509 0.379576 0.369915
 0.267964 0.246949 0.485087
 0.407807 0.411555 0.180638
 0.125256 0.484885 0.389860
 0.096155 0.258300 0.645544
 0.307649 0.181252 0.511099
 0.225227 0.171422 0.603351
 0.341893 0.344901 0.313207
 0.175660 0.455148 0.369192
 0.332696 0.383692 0.283613
 0.261297 0.167921 0.570782
 0.312600 0.018234 0.669166
 0.282510 0.310189 0.407301
 0.182012 0.481242 0.336746
 0.394771 0.389037 0.216192
 0.254938 0.525575 0.219488
 0.040611 0.477469 0.481920
 0.427065 0.050627 0.522308
 0.520418 0.168068 0.311514
 0.228357 0.546586 0.225057
 0.328130 0.183788 0.488082
 0.385624 0.091364 0.523013
 0.147543 0.534953 0.317504
 0.531240 0.360535 0.108225
 0.139281 0.361688 0.499031
 0.196485 0.420269 0.383246
 0.225011 0.569015 0.205974
 0.523192 0.391266 0.085542
 0.462161 0.163489 0.374350
 0.310218 0.386767 0.303015
 0.299988 0.527633 0.172379
 0.221367 0.303950 0.474683
 0.482418 0.327142 0.190440
 0.321542 0.369763 0.308696
 0.098056 0.251170 0.650774
 0.271975 0.406035 0.321990
 0.223391 0.201986 0.574623
 0.202254 0.343419 0.454327
 0.433842 0.420388 0.145770
 0.498244 0.299000 0.202756
 0.036331 0.233577 0.730091
 0.629757 0.194158 0.176085
 0.518435 0.450703 0.030862
 0.439070 0.302126 0.258804
 0.529363 0.413908 0.056729
 0.510149 0.163348 0.326503
 0.141698 0.275095 0.583207
 0.325378 0.503208 0.171414
 0.523260 0.396512 0.080228
 0.182827 0.573167 0.244006
 0.043848 0.445324 0.510829
 0.459139 0.313792 0.227069
 0.382074 0.214096 0.403830
 0.103838 0.192469 0.703693
 0.151089 0.308192 0.540718
 0.444503 0.242563 0.312934
 0.276909 0.514734 0.208357
 0.455387 0.427215 0.117399
 0.347520 0.239860 0.412620
 0.228583 0.402777 0.368640
 0.259513 0.526130 0.214358
 0.571285 0.093185 0.335530
 0.050070 0.372085 0.577845
 0.389121 0.405366 0.205513
 0.089670 0.461196 0.449135
 0.186130 0.350585 0.463285
 0.287558 0.378240 0.334202
 0.536050 0.001398 0.462552
 0.162746 0.481071 0.356183
 0.269104 0.252121 0.478775

36
 0.573921 0.426079
 0.525242 0.474758
 0.589899 0.410101
 0.433570 0.566430
 0.408032 0.591968
 0.609846 0.390154
 0.404572 0.595428
 0.443596 0.556404
 0.501847 0.498153
 0.060882 0.939118
 0.477791 0.522209
 0.234978 0.765022
 0.823561 0.176439
 0.625687 0.374313
 0.190320 0.809680
 0.299957 0.700043
 0.905717 0.094283
 0.464271 0.535729

400
 0.032954 0.008218 0.008682 0.037158 0.002730 0.025834 0.025477 0.040184 0.010762 0.021919 0.018260 0.021861 0.030539 0.024660 0.039454 0.020602 0.007036 0.021746 0.027844 0.024570 0.002876 0.007545 0.031957 0.004858 0.011127 0.036808 0.001218 0.034148 0.026820 0.004998 0.029200 0.013558 0.011252 0.004142 0.025616 0.011526 0.043033 0.038527 0.026075 0.009732 0.032278 0.016083 0.032428 0.002005 0.002362 0.038225 0.019974 0.006392 0.002642 0.022104
 0.022675 0.007155 0.023061 0.004213 0.002723 0.012093 0.034199 0.006848 0.019543 0.035157 0.020321 0.020294 0.017662 0.032548 0.008066 0.000108 0.011438 0.009413 0.018269 0.035256 0.024695 0.026657 0.020379 0.004433 0.019759 0.020979 0.003815 0.031207 0.016820 0.002145 0.030202 0.015947 0.025756 0.015696 0.033140 0.031821 0.017178 0.028628 0.034958 0.022821 0.033927 0.018279 0.020865 0.034462 0.012669 0.030343 0.021735 0.029840 0.017957 0.011847
